|Row|w|x|y|z|f0|f1|f2|f3|f4|f5|f6|f7|f8|f9|
|===+=+=+=+=|==|==|==|==|==|==|==|==|==|==|
|  0|0|0|0|0| 0| 0| 1| 0| 1| 0| 0| 1| 1| 0|
|  1|0|0|0|1| 1| 0| 0| 1| 0| 0| 1| 0| 0| 0|
|  2|0|0|1|0| 0| 0| 0| 1| 1| 0| 0| 0| 1| 1|
|  3|0|0|1|1| 0| 1| 1| 1| 1| 1| 0| 1| 1| 0|
|  4|0|1|0|0| 0| 1| 1| 1| 0| 1| 1| 1| 1| 0|
|  5|0|1|0|1| 1| 0| 1| 0| 1| 1| 0| 0| 1| 1|
|  6|0|1|1|0| 1| 1| 0| 0| 1| 1| 0| 0| 1| 0|
|  7|0|1|1|1| 0| 1| 1| 0| 1| 1| 0| 1| 1| 1|
|  8|1|0|0|0| 1| 0| 0| 1| 0| 1| 1| 1| 0| 0|
|  9|1|0|0|1| 1| 0| 1| 1| 0| 0| 0| 1| 1| 1|
| 10|1|0|1|0| 1| 0| 1| 0| 0| 0| 0| 0| 0| 1|
| 11|1|0|1|1| 1| 1| 1| 1| 0| 0| 1| 1| 0| 0|
| 12|1|1|0|0| 0| 1| 1| 0| 1| 1| 1| 0| 1| 1|
| 13|1|1|0|1| 1| 1| 0| 1| 1| 0| 1| 0| 1| 1|
| 14|1|1|1|0| 1| 1| 0| 0| 0| 1| 1| 1| 0| 0|
| 15|1|1|1|1| 0| 1| 1| 0| 0| 1| 1| 0| 0| 1|
| 16|1|1|1|1| 0| 1| 1| 0| 0| 1| 1| 0| 0| 1|
